11 11
11 16
11 27
11 37
11 51
11 65
11 80
11 92
11 103
11 109
11 112
11 113
11 103
11 82
18 53
21 25
24 -6
27 -27
29 -38
29 -41
29 -37
29 -28
29 -15
29 -5
26 4
23 15
19 26
19 29
18 31
19 31
22 25
28 11
36 -4
40 -13
43 -20
45 -21
46 -11
48 12
46 46
39 80
36 101
33 124
25 142
23 155
23 158
24 159
29 153
37 131
51 98
66 62
77 43
79 37
76 49
65 87
48 129
27 176
-1 224
-20 263
-37 293
-40 304
-40 305
-37 305
-25 290
-2 250
28 196
51 136
76 96
104 60
121 40
128 33
129 33
131 48
115 87
82 141
39 203
-11 266
-59 318
-87 341
-94 347
-88 347
-74 326
-45 273
1 198
37 139
79 84
124 46
149 24
160 19
162 18
163 25
163 46
153 78
138 117
121 149
108 175
97 191
93 197
92 198
91 185
98 132
120 59
155 -21
208 -96
269 -150
313 -182
323 -190
319 -187
308 -165
293 -131
275 -92
260 -53
246 -22
229 5
223 16
223 18
223 9
223 1
223 -1
224 -1
225 -1
226 8
228 25
228 47
228 66
228 85
228 97
228 104
228 108
227 108
224 108
218 106
204 92
183 73
154 42
124 11
98 -25
78 -60
66 -93
63 -111
63 -121
67 -124
72 -124
85 -121
101 -90
122 -33
132 39
141 105
141 164
141 221
141 267
141 305
136 324
128 336
127 337
126 337
125 337
123 325
120 291
112 241
112 187
112 122
119 56
134 -1
151 -48
161 -66
166 -71
166 -64
166 -40
166 -7
166 36
161 86
145 140
123 193
97 241
73 276
52 297
41 304
38 304
37 302
37 290
37 260
37 214
56 164
84 111
113 63
148 21
177 -6
198 -20
211 -22
214 -22
216 -21
218 -1
218 39
212 82
196 128
179 172
163 209
142 234
127 249
112 257
101 257
96 257
87 249
76 230
60 196
49 156
49 121
49 80
62 44
86 11
113 -8
149 -18
177 -22
196 -22
210 -12
222 2
224 19
225 42
225 72
209 108
189 146
166 174
139 194
108 208
82 211
60 211
46 209
38 200
27 181
21 157
21 130
21 105
36 83
60 67
88 57
118 57
150 57
177 73
197 90
210 116
217 140
217 170
215 191
200 215
188 231
180 240
167 242
150 242
137 242
120 230
100 207
83 178
76 149
76 116
79 82
94 53
110 31
134 19
154 16
171 16
185 25
196 42
202 71
213 109
216 148
220 181
220 217
220 249
202 286
175 320
147 340
122 350
108 350
95 341
90 322
79 287
79 238
79 184
88 115
107 55
136 -1
161 -44
191 -75
225 -95
246 -99
255 -99
259 -96
262 -77
262 -39
259 7
244 54
222 104
205 145
189 174
175 198
169 208
168 210
165 202
162 179
162 144
162 103
162 60
184 5
209 -53
230 -100
253 -138
261 -148
257 -133
241 -102
227 -66
213 -32
201 -6
193 7
189 13
189 14
189 0
194 -22
201 -46
207 -65
210 -73
207 -71
201 -52
190 -11
171 31
152 73
133 115
128 134
123 148
121 151
121 153
121 152
121 138
121 114
121 76
128 31
139 -12
146 -55
158 -101
161 -129
161 -141
162 -142
161 -143
157 -137
145 -115
124 -73
102 -23
83 22
72 62
62 92
57 109
57 116
57 103
57 74
62 42
66 8
72 -21
77 -36
79 -39
80 -39
80 -20
80 13
79 49
74 83
68 104
66 115
64 118
64 119
63 118
61 106
59 88
54 59
52 28
52 6
50 -5
49 -7
48 -7
47 -7
40 2
31 34
20 79
4 133
-9 200
-24 247
-35 284
-41 309
-41 319
-41 321
-41 319
-41 300
-41 262
-41 211
-34 150
-26 86
-18 23
-10 -33
-7 -58
-3 -67
-3 -64
-3 -41
-5 -10
-8 18
-11 54
-18 86
-18 111
-18 121
-18 127
-16 127
-10 116
-1 97
14 71
35 43
48 21
57 13
61 11
61 12
61 30
61 60
61 100
57 145
47 190
37 226
30 253
26 265
23 269
23 270
21 266
16 253
16 231
16 209
16 176
17 140
34 101
62 65
90 34
118 12
146 -2
171 -11
189 -14
200 -14
203 -14
205 -12
205 -8
205 -2
205 9
199 20
185 38
165 53
133 71
97 85
59 96
29 106
10 112
-1 112
5 112
17 112
35 112
66 109
117 102
166 98
213 94
248 94
263 94
267 94
267 97
264 101
253 106
235 111
199 114
150 114
99 114
36 114
-20 114
-69 114
-102 114
-115 114
-116 114
-116 113
-114 113
-105 111
-82 108
-41 108
7 108
61 108
116 108
159 108
187 110
210 117
218 122
220 126
220 133
220 142
204 155
178 170
142 183
104 192
70 197
40 197
29 199
26 199
30 198
40 192
62 181
103 166
154 158
206 150
256 146
294 146
317 155
327 165
329 185
329 213
322 248
301 285
281 313
251 346
225 368
206 380
190 391
180 395
177 395
176 395
175 387
175 371
177 338
201 287
234 234
272 177
314 122
355 73
376 45
380 37
380 36
378 36
373 44
361 65
347 86
327 112
307 134
285 150
260 158
235 161
218 161
197 158
185 148
179 140
179 123
176 95
176 76
188 47
205 20
220 5
232 -5
246 -7
255 -7
261 -3
272 11
282 36
290 63
290 91
287 124
271 158
243 194
212 222
174 244
123 258
69 260
23 260
-12 252
-39 237
-53 220
-62 197
-62 170
-62 140
-38 95
-7 58
41 26
97 1
154 -3
214 -3
243 -3
271 15
282 34
285 60
288 83
288 105
278 130
270 142
261 152
249 156
232 159
207 159
172 149
127 123
81 98
40 68
4 34
-18 -1
-32 -30
-32 -43
-30 -62
-19 -71
-6 -79
24 -85
51 -85
92 -85
135 -73
171 -58
195 -44
218 -24
227 -4
230 16
230 33
222 53
204 78
176 99
143 113
116 119
87 122
60 122
40 115
30 105
22 86
19 66
19 41
19 1
33 -41
50 -82
66 -114
80 -135
86 -142
88 -143
90 -139
93 -116
96 -74
100 -20
100 37
100 108
93 192
80 254
60 308
47 352
43 368
39 374
38 371
38 345
38 309
38 255
41 187
45 108
54 42
70 -12
84 -48
93 -62
96 -65
97 -62
97 -34
97 15
97 88
86 155
73 237
64 303
57 346
54 374
54 382
54 383
54 381
52 361
52 323
52 267
52 207
52 148
52 91
52 53
52 43
52 50
52 79
52 125
48 171
40 224
32 280
28 321
25 350
25 358
25 359
25 360
22 357
17 335
14 304
6 254
-2 201
-10 146
-18 77
-22 30
-25 -11
-25 -39
-25 -52
-21 -58
-18 -60
-13 -60
-6 -60
3 -54
19 -47
55 -32
94 -17
146 -2
198 18
240 40
265 68
275 103
279 147
279 191
260 243
241 285
218 325
201 354
190 371
183 379
181 382
177 379
169 362
154 329
139 282
125 226
110 156
101 77
101 1
101 -69
108 -122
124 -176
138 -207
146 -216
149 -217
151 -217
153 -210
159 -187
159 -146
159 -95
159 -46
159 19
159 76
152 126
143 166
136 186
134 194
134 195
134 182
134 156
134 113
136 66
148 15
164 -34
172 -66
175 -73
176 -76
177 -71
177 -47
177 -12
177 26
177 59
177 91
177 113
179 126
179 135
181 136
181 137
178 137
171 137
153 137
118 137
66 137
18 137
-31 137
-66 131
-77 123
-79 116
-79 104
-73 84
-49 56
-20 27
16 3
45 -13
72 -23
89 -28
100 -28
105 -28
113 -19
120 -4
123 19
126 42
129 70
129 98
129 122
127 143
120 158
111 172
98 179
91 181
86 181
83 181
78 179
74 167
72 155
69 138
69 125
76 106
97 79
120 57
149 40
178 26
198 19
204 18
205 22
204 35
197 50
189 65
181 80
177 95
171 107
163 117
157 126
150 134
145 139
138 149
131 155
127 158
125 160
125 154
123 145
121 132
118 121
116 108
115 101
113 99
112 98
112 101
110 106
104 119
98 131
91 149
82 170
71 186
60 202
55 212
51 216
49 217
48 215
48 212
46 210
46 208
46 206
45 205
45 207
45 208
45 209
45 210
42 215
40 217
38 220
36 225
34 226
33 228
32 222
35 208
41 186
49 168
61 140
76 114
88 95
92 88
96 82
96 81
99 86
99 104
99 126
99 158
99 199
99 237
86 283
73 332
60 358
47 379
43 391
42 393
42 384
43 359
54 319
74 272
98 219
127 166
155 118
177 85
186 74
188 71
188 74
188 94
188 122
188 152
188 184
188 211
188 233
188 245
190 251
190 249
191 242
193 236
194 234
195 234
195 236
195 234
196 223
201 209
207 192
211 181
212 177
213 179
213 205
213 246
213 289
213 333
213 371
215 384
219 391
221 394
221 388
221 372
221 344
221 312
221 271
221 228
221 195
221 171
221 159
221 152
220 150
219 150
213 147
201 136
191 128
176 120
165 111
156 104
153 103
149 101
149 103
146 112
140 120
133 133
124 147
115 160
109 171
104 185
97 196
95 205
95 210
94 212
94 213
93 212
91 207
91 197
91 183
91 167
91 151
91 129
91 112
91 96
91 79
91 69
89 58
88 51
87 50
87 52
85 57
83 63
80 70
77 80
75 88
71 97
67 103
65 108
63 110
62 111
61 112
60 112
58 109
58 103
56 97
54 89
54 81
51 70
51 65
50 60
50 56
48 53
48 52
48 50
48 54
46 65
41 79
36 96
30 117
25 134
18 147
14 158
8 165
4 171
1 175
-1 177
-4 178
-5 178
-8 178
-11 170
-13 159
-13 141
-13 114
-13 84
5 39
31 -11
73 -63
123 -111
177 -151
226 -179
247 -191
255 -193
257 -192
257 -179
257 -153
247 -110
218 -51
189 4
141 75
92 145
46 202
-1 255
-20 278
-27 287
-22 286
-7 261
21 213
57 148
96 82
130 20
159 -43
177 -90
180 -108
180 -113
180 -114
177 -114
171 -108
162 -95
147 -73
138 -60
130 -50
127 -45
127 -44
135 -50
149 -73
175 -106
197 -141
209 -162
213 -170
213 -165
208 -136
201 -86
188 -19
180 36
167 108
159 166
156 213
156 243
156 260
156 265
156 266
156 265
161 247
172 206
183 155
195 99
203 44
207 5
209 -11
209 -2
203 26
200 65
193 104
193 134
193 149
193 157
194 159
195 159
200 156
216 140
231 118
247 95
258 79
261 74
261 73
261 76
259 91
253 113
247 137
238 157
234 168
231 178
230 168
232 139
239 92
247 44
262 -2
277 -44
292 -63
299 -71
299 -68
299 -51
299 -16
292 29
284 90
278 142
273 189
273 225
273 247
273 255
273 256
273 257
278 250
287 226
302 174
323 112
339 55
347 15
349 2
349 -1
348 -2
341 -1
333 21
322 59
304 96
288 142
277 183
268 208
266 221
266 227
266 228
266 222
266 198
266 179
266 143
266 105
259 73
246 45
229 20
208 -3
190 -21
181 -28
175 -32
177 -32
179 -35
184 -43
194 -53
206 -65
221 -77
233 -86
239 -90
239 -79
229 -57
217 -29
205 4
189 38
175 72
165 102
159 121
152 137
150 145
148 148
147 149
146 149
143 149
141 145
141 137
138 127
138 112
138 98
138 81
138 71
138 58
138 50
138 41
138 36
138 35
138 34
138 31
134 30
133 30
132 30
131 30
121 30
117 35
114 39
114 45
112 53
112 66
112 80
117 92
126 109
143 129
156 141
167 148
176 155
179 156
180 156
181 156
179 154
175 148
168 141
163 132
155 127
146 121
137 117
124 115
113 115
102 115
92 115
81 115
76 115
73 115
71 114
71 112
71 110
71 108
73 103
75 97
79 86
81 74
89 60
100 43
108 33
117 24
122 19
126 16
127 16
128 17
128 26
123 37
114 52
109 64
98 78
83 90
70 103
54 114
39 121
27 128
20 131
20 132
21 129
21 123
27 111
35 94
48 71
66 39
75 27
95 2
114 -23
123 -35
130 -43
133 -47
134 -47
135 -34
133 3
129 47
121 110
101 168
82 225
55 288
36 332
17 374
3 394
-3 400
-4 400
-9 391
-18 361
-26 306
-34 237
-39 153
-39 72
-39 -4
-23 -60
-11 -84
-9 -85
-9 -86
-8 -79
-8 -43
-8 11
-8 79
-8 163
-8 228
-8 276
-5 299
0 316
4 320
5 319
10 301
21 257
33 188
46 108
59 31
68 -46
68 -111
68 -151
68 -159
68 -160
67 -160
61 -144
46 -102
35 -59
14 9
-2 63
-18 119
-32 163
-35 179
-37 185
-37 184
-40 166
-40 134
-40 93
-40 47
-31 4
-24 -30
-21 -44
-21 -45
-20 -43
-17 -28
-15 -12
-12 8
-6 30
-4 41
-3 44
-2 45
-1 38
-1 25
4 5
10 -19
14 -37
20 -47
21 -50
21 -46
21 -30
19 12
15 51
4 86
-6 121
-13 148
-13 163
-13 169
-10 163
-1 147
16 115
35 78
62 35
88 -1
109 -28
114 -37
115 -38
115 -26
115 -10
115 17
115 50
115 77
115 107
115 132
115 148
114 158
112 160
113 154
121 135
134 107
153 73
178 39
194 17
210 2
218 -7
220 -8
221 -5
217 6
208 26
197 43
186 59
179 76
173 82
173 85
179 78
196 56
221 25
258 -12
305 -50
351 -80
386 -104
412 -117
423 -122
425 -122
426 -117
426 -106
422 -90
413 -67
397 -45
377 -23
351 4
311 27
265 42
214 54
164 58
121 58
91 58
80 56
75 54
75 51
74 45
82 32
99 21
128 4
164 -11
196 -28
223 -45
245 -61
254 -66
257 -71
258 -75
258 -77
258 -78
258 -79
258 -81
258 -84
256 -87
252 -93
248 -99
242 -108
235 -114
230 -124
224 -130
220 -134
218 -136
218 -132
218 -125
219 -115
221 -104
223 -91
226 -78
228 -67
228 -59
228 -49
228 -45
227 -42
223 -38
221 -36
214 -34
205 -32
191 -32
169 -32
139 -32
103 -34
63 -44
24 -56
-1 -66
-17 -77
-25 -88
-27 -97
-27 -114
-27 -127
-23 -143
-16 -158
-4 -177
4 -187
13 -196
21 -200
27 -202
32 -202
38 -202
46 -194
61 -176
77 -154
94 -127
115 -100
128 -71
138 -43
138 -11
138 17
125 50
106 92
84 127
61 153
40 176
29 183
18 185
11 187
2 183
-6 177
-15 168
-23 155
-36 134
-45 111
-51 84
-54 53
-54 21
-54 -4
-54 -28
-49 -50
-42 -65
-31 -79
-25 -88
-20 -92
-17 -94
-16 -90
-16 -76
-16 -58
-16 -33
-22 -1
-37 43
-48 86
-63 130
-82 172
-97 205
-110 231
-114 242
-116 246
-116 247
-116 243
-116 232
-115 219
-112 208
-106 197
-102 191
-95 185
-91 184
-86 184
-83 184
-79 184
-72 194
-62 209
-47 227
-22 249
-14 253
24 269
64 278
115 292
158 299
187 299
197 299
198 299
199 299
198 300
194 303
183 307
173 314
157 321
132 327
108 333
82 338
67 339
54 339
47 339
39 335
33 322
30 307
27 284
27 256
27 227
39 186
57 149
81 113
110 85
141 61
170 44
198 34
233 24
275 20
310 20
342 20
374 33
390 44
395 51
397 62
392 76
374 97
343 122
297 150
240 170
178 187
114 199
56 203
12 207
-10 207
-23 206
-26 201
-30 195
-30 184
-26 167
-18 149
-8 133
8 115
23 101
44 89
55 85
69 83
74 83
81 84
89 100
98 123
104 155
108 188
108 226
108 270
106 295
92 324
78 358
62 382
50 397
45 402
44 402
44 400
44 379
49 350
60 310
80 260
102 208
124 158
144 108
167 68
176 43
184 28
184 25
185 24
185 28
181 46
165 85
145 132
124 177
112 223
102 255
99 276
99 289
99 293
101 297
103 298
107 296
119 286
135 269
150 249
172 223
191 205
194 198
198 193
198 192
196 194
196 201
196 209
196 217
196 222
196 225
196 227
201 225
213 208
236 177
263 146
291 115
305 91
310 80
310 75
309 74
302 74
294 87
279 113
264 152
251 196
241 241
231 276
231 301
231 315
233 321
234 323
235 323
244 318
259 302
276 280
298 250
311 224
320 198
322 186
322 179
321 179
317 188
311 202
306 212
303 221
303 228
302 229
302 218
302 207
302 191
302 178
298 165
295 156
289 149
287 147
284 147
282 147
279 147
275 154
271 162
268 173
266 183
266 193
266 196
266 197
266 198
266 197
266 192
264 185
264 178
261 169
258 161
253 153
248 141
238 130
227 117
207 102
190 89
175 77
159 66
146 58
138 55
136 53
136 56
132 66
127 76
119 101
102 140
86 177
77 197
68 220
66 233
66 241
66 243
66 242
67 231
72 213
81 188
91 163
104 131
115 101
128 75
136 55
141 44
145 35
147 30
147 27
147 25
149 25
153 32
160 44
165 57
169 72
178 92
184 111
187 127
188 139
191 152
191 159
191 163
191 166
191 167
190 167
188 167
185 166
182 163
171 156
159 147
149 140
139 133
129 126
120 119
113 112
106 106
102 100
100 95
98 89
96 83
99 78
99 70
101 61
103 47
107 36
112 22
119 12
124 6
127 3
129 3
130 3
131 3
133 3
134 3
136 6
136 9
136 16
136 27
136 40
136 52
132 71
120 105
107 131
97 149
85 168
74 184
67 195
58 204
50 210
43 213
38 215
36 215
32 211
28 205
19 192
10 176
-1 157
-6 141
-16 118
-24 98
-26 84
-29 74
-29 63
-26 53
-19 43
-12 35
-1 25
18 15
32 11
62 1
107 -7
155 -14
206 -14
260 -14
290 -14
308 -13
313 -7
314 -1
314 6
308 17
299 28
278 49
256 65
231 83
197 103
173 116
149 132
123 145
97 155
79 157
66 159
54 159
45 159
42 159
38 157
37 154
34 149
32 143
30 138
28 132
28 126
28 121
28 116
28 113
28 111
32 105
40 100
56 96
89 85
119 85
164 78
205 78
238 74
257 74
268 77
272 80
274 87
274 94
273 106
265 115
252 131
228 147
185 172
130 195
57 212
-34 229
-110 234
-156 234
-170 234
-176 231
-176 223
-167 206
-139 170
-94 125
-39 78
32 30
114 -15
168 -48
221 -77
249 -86
253 -86
255 -85
255 -74
244 -51
227 -19
202 24
172 64
150 99
119 138
102 154
92 166
87 170
86 167
86 156
86 153
86 151
83 152
79 163
71 185
58 211
49 234
43 251
41 261
39 267
41 255
46 229
57 189
69 141
85 92
101 35
117 -19
128 -62
136 -80
141 -90
142 -91
142 -85
142 -61
132 -26
121 17
109 68
98 112
87 152
84 180
82 194
82 199
82 183
82 151
82 105
82 58
82 12
82 -12
82 -24
81 -26
78 -20
71 6
59 39
43 85
32 134
16 183
9 217
9 234
9 244
9 246
13 238
19 211
30 170
47 123
69 73
84 37
97 9
99 3
98 5
93 27
83 54
73 90
62 128
48 156
39 179
37 191
37 194
37 195
42 179
60 145
85 105
110 62
134 17
165 -22
176 -38
183 -46
184 -44
184 -32
184 -15
181 6
173 30
167 57
162 71
160 82
160 83
160 85
160 78
164 61
177 32
191 -1
204 -27
215 -44
220 -52
220 -54
220 -45
220 -27
210 6
203 40
188 81
178 117
175 140
175 156
175 165
176 165
182 162
190 144
204 111
218 77
232 43
246 12
251 -2
253 -10
249 3
247 15
240 37
232 64
230 79
230 90
228 92
228 93
230 88
242 66
254 44
275 12
292 -13
301 -24
305 -28
306 -30
306 -28
305 -14
298 21
295 68
287 123
275 179
271 229
267 268
264 288
264 299
264 302
264 290
264 270
264 240
264 200
264 162
264 118
261 79
243 45
231 26
218 11
203 -1
195 -3
190 -5
189 -5
189 -6
190 -6
191 -6
195 -10
197 -16
203 -26
207 -36
210 -42
212 -42
213 -33
206 -11
197 14
184 36
171 67
154 94
142 112
137 123
131 131
130 132
129 133
127 130
127 122
127 108
127 87
128 60
140 29
156 -8
168 -36
176 -54
178 -66
178 -71
178 -77
178 -80
178 -83
174 -83
162 -83
144 -83
112 -77
76 -63
41 -41
11 -20
-1 2
-7 23
-7 37
-6 47
2 55
20 63
54 66
91 73
130 77
161 80
176 82
183 84
183 85
183 87
183 90
179 95
175 100
168 107
158 115
145 124
122 133
102 135
74 135
42 135
13 133
-17 123
-48 109
-59 101
-66 94
-69 87
-71 81
-71 78
-70 74
-69 73
-68 69
-63 64
-60 60
-54 54
-44 43
-30 32
-2 12
25 -5
51 -18
78 -35
109 -49
131 -58
154 -67
174 -76
188 -80
199 -80
204 -80
205 -79
207 -72
209 -61
210 -46
213 -30
214 -10
214 15
214 43
206 67
191 94
183 109
175 123
167 130
161 137
153 139
145 139
137 139
129 139
120 135
109 131
102 127
94 123
88 119
85 117
82 113
80 112
80 111
78 110
78 109
78 106
78 103
78 102
78 99
81 92
88 82
96 69
110 57
130 42
157 27
191 9
227 -7
263 -20
290 -26
298 -28
301 -28
303 -28
303 -25
303 -21
303 -12
303 -2
303 7
303 20
300 34
295 46
283 65
271 80
259 95
249 105
234 113
220 118
204 123
190 125
174 125
155 125
140 125
123 121
112 117
103 113
98 107
96 102
96 99
96 94
99 86
106 74
114 58
129 32
148 2
174 -34
198 -69
221 -100
240 -124
246 -134
249 -138
244 -132
233 -104
215 -47
190 18
158 113
122 198
87 272
52 352
27 415
4 452
-1 463
-2 464
-2 458
-5 424
-9 372
-17 303
-21 216
-26 129
-26 37
-26 -38
-26 -98
-23 -137
-19 -146
-18 -149
-17 -145
-17 -125
-17 -98
-17 -65
-23 -28
-27 8
-33 30
-33 42
-35 49
-34 37
-27 3
-20 -34
-9 -75
2 -113
5 -131
7 -137
7 -138
4 -133
-1 -114
-12 -81
-23 -41
-38 6
-51 52
-60 89
-71 125
-76 144
-79 151
-79 152
-79 148
-79 132
-79 97
-76 55
-63 -9
-56 -62
-40 -108
-29 -146
-22 -166
-20 -170
-20 -169
-20 -157
-20 -131
-20 -87
-20 -44
-20 5
-20 54
-20 97
-20 130
-16 148
-12 155
-12 158
-10 158
-6 148
2 130
17 93
35 54
64 3
92 -45
116 -95
135 -137
144 -153
148 -159
149 -159
149 -160
147 -155
142 -138
140 -126
131 -102
125 -72
114 -56
109 -39
107 -31
106 -25
106 -29
106 -43
106 -61
115 -88
126 -124
136 -154
142 -183
149 -195
149 -198
149 -192
145 -169
134 -124
118 -77
102 -23
86 34
83 65
79 93
79 106
79 113
81 113
82 113
86 110
96 95
113 68
133 33
162 -3
183 -33
206 -61
218 -74
221 -76
221 -69
211 -46
194 -13
176 24
156 59
146 84
138 104
133 115
133 118
136 112
144 94
157 68
168 44
183 18
194 -1
201 -10
201 -13
201 -14
197 -11
193 0
185 10
178 21
171 28
165 34
162 37
161 37
160 37
158 39
158 44
158 56
155 71
155 88
155 107
155 118
162 134
171 146
179 156
192 164
201 168
206 170
211 171
212 171
213 171
215 169
216 166
220 159
227 144
242 124
262 102
275 87
285 79
288 77
288 84
287 93
284 106
279 122
274 141
268 163
262 178
249 197
234 214
219 230
200 240
183 246
165 249
151 249
133 249
123 242
107 231
93 220
82 214
73 205
70 198
68 195
67 193
68 191
70 191
73 191
80 189
91 189
107 189
146 186
193 178
236 171
280 167
317 160
335 157
339 157
338 157
334 157
329 158
325 158
318 155
305 149
288 137
267 125
252 113
233 100
225 89
221 79
219 71
219 68
220 63
224 62
228 62
232 68
237 85
237 115
237 153
237 199
237 235
235 273
220 307
214 324
210 330
207 332
204 332
197 330
178 308
153 280
132 235
112 188
109 139
109 87
111 41
135 -2
160 -35
180 -52
213 -62
244 -66
266 -66
281 -59
292 -49
297 -31
299 -8
303 20
303 50
286 84
261 120
237 148
204 170
174 180
152 180
139 180
126 175
118 166
113 158
109 146
109 134
109 120
109 107
116 89
128 68
135 55
141 51
142 51
144 56
147 77
147 115
147 158
147 202
147 248
143 277
142 289
140 292
139 293
134 286
125 271
111 250
101 217
90 179
86 143
86 110
86 77
106 52
121 30
136 18
156 9
167 9
172 9
176 17
180 27
182 37
182 51
182 64
172 84
155 111
136 139
95 170
47 196
4 205
-24 208
-37 208
-42 206
-44 200
-44 188
-44 175
-34 156
-18 131
13 106
38 88
69 72
99 62
117 59
125 59
128 59
131 66
132 78
132 91
132 107
132 119
126 136
119 147
109 157
97 160
87 161
79 161
74 161
72 161
70 157
70 151
70 142
70 130
76 117
84 106
97 96
107 92
112 92
115 92
120 98
123 118
125 141
128 167
132 201
132 225
132 253
132 269
126 280
122 284
122 285
120 285
113 276
101 259
80 226
62 194
47 156
36 112
36 77
33 46
37 24
49 6
57 -4
71 -12
89 -14
101 -14
117 -10
143 5
161 21
171 42
178 68
178 96
178 126
166 149
154 170
145 182
131 191
117 196
102 196
88 196
62 188
27 177
-7 163
-33 148
-42 138
-47 127
-47 119
-41 106
-31 95
-21 85
-5 77
23 67
51 64
81 64
93 64
104 70
112 77
114 91
116 104
116 122
116 137
118 148
117 156
111 165
106 169
100 171
88 172
75 176
58 169
38 161
16 145
4 135
-7 119
-10 103
-10 87
-10 72
2 55
12 44
34 36
62 33
90 33
130 33
173 41
206 54
230 66
243 79
255 94
257 107
257 120
257 136
245 160
233 184
212 204
194 223
173 231
162 231
147 231
130 230
104 217
79 207
50 192
29 180
10 159
-2 141
-6 120
-11 96
-5 69
8 43
29 22
63 4
114 -8
159 -15
203 -19
241 -19
260 -19
267 -17
271 -11
271 2
274 16
274 38
274 63
265 90
242 128
216 163
185 202
154 229
136 239
114 247
96 249
84 249
70 247
60 239
53 229
45 213
45 183
45 145
45 107
60 53
85 -3
113 -56
146 -104
172 -131
209 -153
242 -164
267 -164
282 -162
293 -146
302 -123
306 -89
306 -49
306 -19
291 28
276 71
251 112
225 147
193 177
172 189
145 195
121 195
102 195
83 186
73 176
61 159
54 134
50 121
50 99
56 72
78 34
113 -5
163 -44
215 -68
278 -93
331 -101
377 -101
396 -101
408 -93
414 -78
414 -53
414 -18
396 26
361 78
310 131
255 177
191 211
131 234
79 238
52 238
42 236
40 227
40 209
40 179
56 140
91 89
133 29
176 -28
214 -72
241 -103
250 -110
251 -110
251 -109
250 -95
241 -69
226 -31
202 22
166 76
117 134
79 178
61 200
56 208
57 208
68 197
86 165
114 112
134 62
158 17
168 -13
170 -24
170 -25
169 -26
168 -26
165 -25
163 -19
161 -11
159 -2
155 9
151 15
149 18
149 15
149 6
149 0
149 -3
143 4
131 30
113 67
103 100
93 130
90 151
90 160
90 163
93 164
101 157
131 136
186 91
246 42
305 -1
365 -39
384 -52
381 -53
375 -53
363 -42
337 -20
315 6
285 40
257 76
231 109
209 146
190 171
180 181
174 190
174 191
174 187
174 178
177 168
179 155
187 138
192 119
198 97
201 79
201 63
201 50
201 37
201 26
201 18
201 11
201 9
